7
chef_view1.xyz chef_view2.xyz 0.999242 0.038924 -0.000074 1.399456 -0.034326 0.882093 0.469823 294.815643 0.018353 -0.469465 0.882760 -91.419312 0.000000 0.000000 0.000000 1.000000
chef_view3.xyz chef_view4.xyz 0.999633 0.025344 -0.009527 -5.243198 -0.021646 0.959425 0.281131 175.175323 0.016266 -0.280822 0.959622 -32.156738 0.000000 0.000000 0.000000 1.000000
chicken_view1.xyz chicken_view2.xyz 0.999160 -0.039321 0.011492 4.385321 0.040122 0.882654 -0.468308 -298.730408 0.008271 0.468376 0.883491 -39.726929 0.000000 0.000000 0.000000 1.000000
chicken_view3.xyz chicken_view4.xyz 0.999215 -0.037849 0.011727 4.568373 0.039218 0.902418 -0.429073 -277.088287 0.005657 0.429196 0.903194 -29.744324 0.000000 0.000000 0.000000 1.000000
parasaurolophus_view1.xyz parasaurolophus_view2.xyz 0.999175 0.039789 0.008149 6.002758 -0.039192 0.891954 0.450424 282.411377 0.010654 -0.450372 0.892777 -77.580627 0.000000 0.000000 0.000000 1.000000
T-rex_view1.xyz T-rex_view2.xyz 0.999441 -0.031953 0.009879 2.646866 0.033125 0.904887 -0.424362 -262.117462 0.004620 0.424451 0.905439 -12.422974 0.000000 0.000000 0.000000 1.000000
T-rex_view3.xyz T-rex_view4.xyz 0.999311 -0.037028 -0.002511 -1.698648 0.033317 0.924849 -0.378874 -225.349869 0.016351 0.378529 0.925445 -52.128601 0.000000 0.000000 0.000000 1.000000
